      0.19    0.00744     0.0392     0.0122     0.0599     0.0401      0.271    0.00889      0.174      0.928    0.00059       2.86      0.821     0.0839     0.0404      0.379      0.914       1.25       1.03        0.2       3.74          0     0.0127      0.637      0.387          0      0.107      0.454          0          0          0        0.5          1          0
     0.168      0.026     0.0393    0.00812     0.0594     0.0288       0.22     0.0088      0.162       0.98    0.00049       2.49      0.859     0.0848     0.0461      0.379      0.914       1.35      0.948        0.2       3.84          0     0.0127      0.655      0.461          0      0.103      0.506          0          0          0        0.5          1          0
    0.0308     0.0389     0.0323    0.00873     0.0449     0.0438      0.151    0.00858      0.145      0.888     0.0008       2.74      0.771     0.0921     0.0338        0.2       1.29       1.57       1.14        0.2       4.58          0     0.0124      0.637      0.387          0      0.101      0.454          0          0          0        0.5      0.925          0
    0.0295     0.0245     0.0332    0.00862     0.0578     0.0441      0.265    0.00889      0.133      0.959    0.00055       2.86      0.863     0.0883     0.0404      0.379      0.906       1.23       1.24        0.2       3.44          0     0.0125      0.611      0.461          0       0.12      0.454          0          0          0        0.5          1          0
    0.0432     0.0181     0.0314     0.0083     0.0582     0.0398      0.275    0.00897      0.174       0.93    0.00059       2.86       0.82     0.0839     0.0402      0.376      0.914       1.23       1.01        0.2        3.7          0     0.0127      0.637      0.389          0      0.108      0.448          0          0          0        0.5      0.986          0
    0.0124     0.0353      0.031    0.00827     0.0661     0.0274      0.231    0.00918      0.168      0.969     0.0005       2.73       0.95      0.096       0.05      0.411      0.866       1.31      0.948        0.2       3.79          0      0.012      0.655      0.475          0       0.11       0.63          0          0          0        0.5          1          0
    0.0309    0.00906     0.0348    0.00754     0.0558     0.0367      0.286    0.00889      0.174      0.941    0.00059       3.11       0.74     0.0839     0.0396      0.395      0.961       1.28       1.03        0.2       3.08          0     0.0121      0.689      0.404          0      0.102      0.454          0          0          0        0.5      0.906          0
    0.0203     0.0344     0.0301    0.00799     0.0508     0.0373      0.236    0.00885      0.121      0.925    0.00061       2.82      0.736     0.0804     0.0376      0.379      0.909       1.28       1.17        0.2       4.79          0     0.0127       0.71      0.462          0      0.107      0.374          0          0          0        0.5          1          0
   0.00725     0.0698     0.0305    0.00755     0.0669     0.0275      0.217       0.01      0.164      0.974    0.00047       2.73       0.95      0.096       0.05      0.375      0.868       1.15      0.951        0.2       4.07          0     0.0123        0.7      0.483          0       0.11      0.603          0          0          0        0.5      0.942          0
     0.141     0.0415     0.0301     0.0075     0.0683     0.0486      0.223     0.0108      0.174       0.89    0.00084       3.05      0.867     0.0822     0.0481      0.297      0.974       1.25       1.23        0.2       3.74          0    0.00868      0.498      0.402          0     0.0955      0.458          0          0          0        0.5          1          0
     0.146     0.0179     0.0295    0.00747     0.0592     0.0407      0.278     0.0087      0.177      0.929    0.00061       2.94      0.757     0.0867     0.0396      0.385      0.914       1.18       1.12        0.2       3.77          0     0.0128      0.607       0.38          0      0.107      0.454          0          0          0        0.5          1          0
    0.0168     0.0136     0.0299     0.0073     0.0532     0.0351      0.251    0.00965      0.189      0.914    0.00059        2.8      0.871     0.0737     0.0367      0.379      0.914       1.13       1.03        0.2        3.5          0     0.0124      0.612      0.382          0      0.107       0.49          0          0          0        0.5      0.992          0
    0.0319     0.0163     0.0287    0.00727     0.0545     0.0297      0.214    0.00859      0.163      0.928    0.00059       2.93      0.821     0.0963     0.0405      0.339      0.943        1.3      0.881        0.2       4.67          0    0.00887      0.623      0.378          0     0.0968      0.456          0          0          0        0.5          1          0
    0.0285     0.0139     0.0283    0.00682     0.0599     0.0403      0.261    0.00908      0.171      0.931    0.00058        2.9      0.801     0.0827     0.0404      0.379      0.891       1.25       1.03        0.2       3.76          0     0.0129      0.618      0.386          0      0.107      0.451          0          0          0        0.5          1          0
    0.0285     0.0127     0.0269    0.00697     0.0595     0.0319      0.205    0.00942      0.222       0.97    0.00054       2.86      0.852     0.0701     0.0455      0.343      0.914       1.31       1.03        0.2       4.26          0     0.0108        0.9      0.392          0      0.115      0.403          0          0          0        0.5          1          0
    0.0267    0.00272     0.0287    0.00657     0.0858     0.0401      0.315    0.00714       0.14       0.98    0.00049       3.08      0.646      0.113     0.0607      0.427       1.02       1.55      0.948        0.2       2.94          0     0.0114      0.569      0.372          0      0.126      0.506          0          0          0        0.5          1          0
     0.143     0.0143     0.0261    0.00651     0.0585     0.0416       0.24     0.0107      0.178      0.961    0.00072       2.86      0.853     0.0908     0.0407      0.354      0.862       1.37       0.98        0.2       3.56          0     0.0135      0.698      0.387          0      0.082      0.454          0          0          0        0.5          1          0
    0.0219     0.0272     0.0269    0.00634     0.0656     0.0385      0.272    0.00952      0.183      0.948    0.00054       2.87      0.817     0.0808      0.046      0.395      0.916       1.25      0.982        0.2       3.57          0     0.0124      0.604      0.387          0      0.108      0.454          0          0          0        0.5      0.997          0
     0.028    0.00445     0.0255    0.00648     0.0542     0.0418      0.236    0.00847      0.175      0.906    0.00053       2.91      0.821     0.0839     0.0368      0.342      0.892       1.23       1.11        0.2       3.72          0     0.0121      0.637      0.352          0      0.107      0.454          0          0          0        0.5          1          0
    0.0206    0.00272     0.0234    0.00671      0.066     0.0293      0.239    0.00952      0.152       0.93    0.00048       2.96      0.855     0.0862     0.0514      0.411      0.866       1.32      0.998        0.2       3.79          0     0.0125      0.779      0.382          0     0.0925      0.628          0          0          0        0.5          1          0
     0.162    0.00961     0.0272    0.00605     0.0784     0.0432      0.214    0.00912      0.194      0.851    0.00049       2.47      0.919     0.0848     0.0544      0.321      0.881       1.35       1.11        0.2       3.37          0     0.0127      0.655      0.395          0      0.123      0.524          0          0          0        0.5      0.915          0
    0.0267     0.0197     0.0249    0.00629     0.0652     0.0234      0.309       0.01        0.2      0.937     0.0005          3        0.8        0.1       0.05        0.5          1          1          1        0.2          4          0      0.015        0.7        0.4          0        0.1        0.5          0          0          0        0.5          1          0
    0.0196    0.00725     0.0244    0.00626     0.0618     0.0406      0.271    0.00818      0.174      0.927    0.00059       2.96      0.833     0.0842     0.0421      0.382      0.924       1.25       1.03        0.2       3.78          0     0.0127      0.682       0.38          0      0.105      0.451          0          0          0        0.5          1          0
    0.0302     0.0145      0.023    0.00556     0.0519     0.0308      0.225    0.00848      0.177      0.928    0.00059       2.85      0.828     0.0812     0.0409      0.379      0.941       1.33       1.03        0.2       3.87          0      0.013      0.671      0.387          0      0.104      0.454          0          0          0        0.5      0.978          0
    0.0224     0.0272     0.0205    0.00523     0.0673     0.0294      0.221     0.0118      0.139       0.98    0.00059       2.73       0.95     0.0853       0.05      0.368      0.868       1.35      0.897        0.2       4.07          0     0.0143      0.781      0.493          0       0.11      0.629          0          0          0        0.5      0.935          0
    0.0143     0.0208     0.0204    0.00468     0.0514     0.0287       0.23    0.00903      0.174      0.931     0.0006       2.87      0.812      0.083     0.0402      0.383      0.914       1.26       1.03        0.2       3.84          0     0.0125      0.642      0.396          0      0.107      0.467          0          0          0        0.5      0.996          0
    0.0119     0.0273     0.0182    0.00464     0.0604     0.0429      0.295    0.00886      0.174      0.927    0.00059       2.88      0.828     0.0834     0.0404      0.378      0.919       1.25       1.03        0.2       3.71          0     0.0127      0.638       0.39          0      0.107      0.457          0          0          0        0.5      0.992          0
    0.0342    0.00725     0.0192    0.00451     0.0642     0.0334      0.264    0.00867      0.189       0.98    0.00049       2.49      0.859     0.0797     0.0432      0.379      0.899       1.15      0.909        0.2       3.68          0     0.0127      0.673      0.483          0     0.0866      0.506          0          0          0        0.5          1          0
    0.0192      0.019     0.0201    0.00433     0.0475     0.0294      0.227    0.00951      0.193      0.921    0.00043       2.97      0.902      0.082     0.0328      0.326      0.914       1.29      0.757        0.2       3.13          0     0.0118      0.637      0.332          0     0.0853      0.381          0          0          0        0.5          1          0
    0.0184     0.0236     0.0184    0.00445     0.0427     0.0364       0.27    0.00935      0.217      0.928    0.00063       2.47       0.95     0.0987     0.0297      0.379      0.914       1.09       1.01        0.2       3.74          0     0.0124      0.554      0.428          0     0.0737      0.454          0          0          0        0.5          1          0
    0.0158     0.0399     0.0137    0.00319     0.0669     0.0248      0.217     0.0097      0.159      0.974    0.00047       2.73       0.95     0.0981     0.0486      0.375      0.905       1.15      0.921        0.2       4.07          0     0.0123      0.715      0.518          0      0.104      0.603          0          0          0        0.5      0.942          0
    0.0123     0.0263    0.00942    0.00231     0.0803     0.0312      0.298       0.01       0.14       0.98    0.00059        2.4      0.939     0.0863     0.0571      0.385      0.973       1.15      0.951        0.2       5.31          0     0.0108      0.777      0.433          0      0.127      0.698          0          0          0        0.5      0.671          0
    0.0135   0.000993    0.00842    0.00198     0.0684     0.0328      0.247    0.00889      0.141       0.98    0.00054       2.79       0.95     0.0926     0.0479      0.335      0.915       1.31        1.1        0.2       4.06          0     0.0137      0.588      0.387          0      0.105      0.482          0          0          0        0.5      0.766          0
   0.00747   0.000906    0.00489    0.00107     0.0746     0.0318      0.244     0.0103      0.176      0.914    0.00045       2.56       0.95      0.096       0.05      0.377      0.985        1.5      0.948        0.2        3.9          0     0.0118      0.691       0.51          0     0.0898      0.657          0          0          0        0.5          1          0
